# World vertices
v 0.0 0.0 0.0
v 10.0 0.0 0.0
v 10.0 0.0 10.0
v 0.0 0.0 10.0
v 0.0 5.0 0.0
v 10.0 5.0 0.0
v 10.0 5.0 10.0
v 0.0 5.0 10.0
v 5.0 0.0 0.0
v 5.0 0.0 10.0
v 5.0 5.0 0.0
v 5.0 5.0 10.0

# World triangles
f 1 2 3
f 3 4 1
f 5 6 7
f 7 8 5
f 1 5 8
f 8 4 1
f 2 6 5
f 5 1 2
f 3 7 6
f 6 2 3
f 4 8 7
f 7 3 4

# Houses
v 2.0 0.0 1.0
v 3.0 0.0 1.0
v 3.0 0.0 2.0
v 2.0 0.0 2.0
v 2.0 5.0 1.0
v 3.0 5.0 1.0
v 3.0 5.0 2.0
v 2.0 5.0 2.0
f 9 10 11
f 11 12 9
f 13 14 15
f 15 16 13

v 7.0 0.0 7.0
v 8.0 0.0 7.0
v 8.0 0.0 8.0
v 7.0 0.0 8.0
v 7.0 5.0 7.0
v 8.0 5.0 7.0
v 8.0 5.0 8.0
v 7.0 5.0 8.0
f 17 18 19
f 19 20 17
f 21 22 23
f 23 24 21

# Trees
v 1.0 0.0 3.0
v 1.5 0.0 3.0
v 1.5 5.0 3.0
v 1.0 5.0 3.0
v 1.0 0.0 3.5
v 1.5 0.0 3.5
v 1.5 5.0 3.5
v 1.0 5.0 3.5
f 25 26 27
f 27 28 25
f 25 29 28
f 28 27 29
f 29 30 31
f 31 28 29
f 29 27 31
f 31 27 28

v 3.0 0.0 4.0
v 3.5 0.0 4.0
v 3.5 5.0 4.0
v 3.0 5.0 4.0
v 3.0 0.0 4.5
v 3.5 0.0 4.5
v 3.5 5.0 4.5
v 3.0 5.0 4.5
f 32 33 34
f 34 35 32
f 32 36 35
f 35 34 36
f 36 37 38
f 38 35 36
f 36 34 38
f 38 34 35