# House 1
v 0.0 0.0 0.0
v 1.0 0.0 0.0
v 1.0 1.0 0.0
v 0.0 1.0 0.0
v 0.0 0.0 1.0
v 1.0 0.0 1.0
v 1.0 1.0 1.0
v 0.0 1.0 1.0

# House 2
v 2.0 0.0 0.0
v 3.0 0.0 0.0
v 3.0 1.0 0.0
v 2.0 1.0 0.0
v 2.0 0.0 1.0
v 3.0 0.0 1.0
v 3.0 1.0 1.0
v 2.0 1.0 1.0

# Tree 1
v 0.5 1.0 0.5
v 0.6 1.0 0.5
v 0.6 1.1 0.5
v 0.5 1.1 0.5
v 0.5 1.0 0.6
v 0.6 1.0 0.6
v 0.6 1.1 0.6
v 0.5 1.1 0.6

# Tree 2
v 2.5 1.0 0.5
v 2.6 1.0 0.5
v 2.6 1.1 0.5
v 2.5 1.1 0.5
v 2.5 1.0 0.6
v 2.6 1.0 0.6
v 2.6 1.1 0.6
v 2.5 1.1 0.6
